1 1.14581
1.04167 0.770957
1.08333 0.63338
1.125 0.522681
1.16667 0.437394
1.20833 0.366301
1.25 0.316628
1.29167 0.287603
1.33333 0.230995
1.375 0.195091
1.41667 0.174242
1.45833 0.147297
1.5 0.124983
1.54167 0.112164
1.58333 0.0903981
1.625 0.0818191
1.66667 0.0651421
1.70833 0.0540018
1.75 0.0456017
1.79167 0.0419106
1.83333 0.0381413
1.875 0.0327836
1.91667 0.0281082
1.95833 0.259249
2 0.253231
2.04167 0.0195068
2.08333 0.0169455
2.125 0.0163079
2.16667 0.0171915
2.20833 0.0163526
2.25 0.0176389
2.29167 0.018914
2.33333 0.0218893
2.375 0.026039
2.41667 0.0288241
2.45833 0.0363293
2.5 0.039696
2.54167 0.0474249
2.58333 0.0542478
2.625 0.057402
2.66667 0.0628492
2.70833 0.0777366
2.75 0.086584
2.79167 0.0971651
2.83333 0.106639
2.875 0.116392
2.91667 0.130351
2.95833 0.149769
3 0.160954
3.04167 0.164835
3.08333 0.195035
3.125 0.191679
3.16667 0.198547
3.20833 0.191254
3.25 0.197127
3.29167 0.199677
3.33333 0.191266
3.375 0.198592
3.41667 0.194856
3.45833 0.198066
