-10 0 0 0
-9.8 0 0 0
-9.6 0 0 0
-9.4 0 0 0
-9.2 0 0 0
-9 0 0 0
-8.8 0 0 0
-8.6 0 0 0
-8.4 0 0 0
-8.2 0 0 0
-8 0 0 0
-7.8 0 0 0
-7.6 0 0 0
-7.4 0 0 0
-7.2 0 0 0
-7 0 0 0
-6.8 0 0 0
-6.6 0 0 0
-6.4 0 0 0
-6.2 0 0 0
-6 0 0 0
-5.8 0 0 0
-5.6 0 0 0
-5.4 0 0 0
-5.2 0 0 0
-5 0 0 0
-4.8 0 0 0
-4.6 0 0 0
-4.4 0 0.000291686 0.000187513
-4.2 0 0.000666711 0.000541703
-4 0 0.000375025 0.0010209
-3.8 0 0.00104174 0.000979232
-3.6 0 0.00225015 0.00145843
-3.4 0 0.00366691 0.00283352
-3.2 0 0.00547953 0.00556287
-3 0 0.00820888 0.00850057
-2.8 0 0.0117716 0.0147927
-2.6 0 0.0191054 0.0222098
-2.4 0 0.0329397 0.0355232
-2.2 0 0.0510034 0.0517118
-2 0 0.0769843 0.0756717
-1.8 0 0.0999858 0.101007
-1.6 0 0.128404 0.132092
-1.4 0 0.176991 0.161823
-1.2 0 0.219473 0.198701
-1 0 0.269018 0.250225
-0.8 0 0.313438 0.300937
-0.6 0 0.338439 0.33846
-0.4 0 0.36617 0.373337
-0.2 0 0.388693 0.391068
0 0.0989858 0.389505 0.391943
0.2 0.275602 0.358274 0.382671
0.4 0.424403 0.337668 0.354086
0.6 0.524577 0.298957 0.314229
0.8 0.572288 0.259288 0.269476
1 0.576476 0.211056 0.215848
1.2 0.529431 0.172053 0.178699
1.4 0.465864 0.136467 0.133696
1.6 0.41034 0.09934 0.101694
1.8 0.333564 0.0702755 0.0735049
2 0.248183 0.0532119 0.0437112
2.2 0.184991 0.0361066 0.029502
2.4 0.129404 0.0232307 0.0190429
2.6 0.0854015 0.0165011 0.0108341
2.8 0.0529619 0.0089381 0.00525035
3 0.0320646 0.00664628 0.00289603
3.2 0.0235641 0.00439613 0.00202097
3.4 0.0153135 0.00158344 0.00158344
3.6 0.00733382 0.00131259 0.000666711
3.8 0.00431279 0.000479199 0
4 0.00216681 0.000208347 0
4.2 0.00125008 0.000104174 0
4.4 0.000562538 0 0
4.6 0.000666711 0 0
4.8 0.000145843 0 0
5 0.000145843 0 0
5.2 0 0 0
5.4 0 0 0
5.6 0 0 0
5.8 0 0 0
6 0 0 0
6.2 0 0 0
6.4 0 0 0
6.6 0 0 0
6.8 0 0 0
7 0 0 0
7.2 0 0 0
7.4 0 0 0
7.6 0 0 0
7.8 0 0 0
8 0 0 0
8.2 0 0 0
8.4 0 0 0
8.6 0 0 0
8.8 0 0 0
9 0 0 0
9.2 0 0 0
9.4 0 0 0
9.6 0 0 0
9.8 0 0 0
